0.000000000000000000e+00 1.353828020746048466e+01 1.232750722434614232e+01 2.290768852004041278e+01 1.713578543788341690e+01 2.600558732334232204e+01 1.904724677284734824e+01 9.749518221250980332e+00 1.940974321869013153e+01 9.643655750094049850e+00 9.525606260598539876e+00 1.131284328741277889e+01 7.630339012585601211e+00 2.506757424246008981e+01 7.360609358432666838e+00 1.182303663259785154e+01 2.467154872068645943e+01 7.828596903473884261e+00 1.469975092061696742e+01 7.845073065205214746e+00 7.069234337701500337e+00 2.144929921701649533e+01 1.383607635774381350e+01 2.031589755059984270e+01 2.621458361864470632e+01 2.196692405222678346e+01 1.044124864135916120e+01 9.973968056914836566e+00 1.055752950271056889e+01 2.804774155744708608e+01 1.113591538139911741e+01 1.866831236862951826e+01 1.943842147731994530e+01 1.209806389373145841e+01 2.574287463720257207e+01 1.516148279899402240e+01 1.126493521794240316e+01 2.712117486186448190e+01 9.649370132963731805e+00 1.413695434026787368e+01 1.209536446610180249e+01 1.999463991034614452e+01 9.958110337100881893e+00 2.413598071753904506e+01 1.209065625037421121e+01 8.949501942370723384e+00 9.733992734180944240e+00 2.647567213582085799e+01 1.351352766195720001e+01 2.837721840098408421e+01 8.692031415829477581e+00 5.161557310587628677e+00 8.554555186436589409e+00 9.760825842008390651e+00 2.100993547808758422e+01 1.461189492499592291e+01 6.930979538270952034e+00 6.741622740673507863e+00 1.748583477410756259e+01 1.477869053963264534e+01 1.363720580647276748e+01 1.388846067243798643e+01 1.782180849930886168e+01 1.164378041541725395e+01 1.822680005281810978e+01 9.043683978167212700e+00 2.312793324320917776e+01 2.078314386641609701e+01 2.623579754142040699e+01 2.479214434427978375e+01 1.073966463598225474e+01 2.941737940605911206e+01 1.196112702120529292e+01 1.502157984996946283e+01 2.261347452473784259e+01 7.088616208536793195e+00 1.365809298467058142e+01 1.602494990851692336e+01 1.746629845444160267e+01 9.997914836262413729e+00 1.432914209030989561e+01 1.200210444990329606e+01 1.782180849930886168e+01 2.246157320973833649e+01 1.120590728006257386e+01 1.214436532395172108e+01 2.124913305144078279e+01 1.863370857414887993e+01 1.370218381238319516e+01 1.809047798006971419e+01 1.629901778994869943e+01 5.780511020069177164e+00 2.630890755746628784e+01 1.926892153125668727e+01 2.258039428192331854e+01 1.696870752557290274e+01 9.654578872916967924e+00 1.747961442547214972e+01 1.495050085120941930e+01 1.473544405187022122e+01 1.760383079631160541e+01 2.070314833189956616e+01 9.704396396292118254e+00 1.866086142567267103e+01 2.101640767450327019e+01 1.033395524614934935e+01 2.132629142049163562e+01 9.361387343934767458e+00 8.344186561473602382e+00 1.128860091067768678e+01 1.890338578558363736e+01 1.323324290701673789e+01 1.190256295343510828e+01 2.848840865690772617e+01 1.409311358148661419e+01 1.580076762875085983e+01 1.142467705673313283e+01 1.787291468009568618e+01 2.257429668825378144e+01 2.618148573222216768e+01 2.786390609420924136e+01 1.413494045024487455e+01 1.877840382471748271e+01 2.440039562458493094e+01 2.183976649235719592e+01 9.818158635129687895e+00 6.118806751019411294e+00 1.557019845457793039e+01 1.724824126450666029e+01 9.746938906823872983e+00 6.327250815624878122e+00 2.445089638831955625e+01
1.353828020746048466e+01 0.000000000000000000e+00 2.161120950177555500e+01 3.284284517046682339e+01 1.605412574400271453e+01 3.377538982208809415e+01 2.036357453125060601e+01 1.823084817325498008e+01 2.841720791466728357e+01 1.963366974422046241e+01 1.955063090079710264e+01 1.813362080954983924e+01 1.314508550716698920e+01 3.463656691382519170e+01 8.386948816210516355e+00 1.642094147852561647e+01 3.430291671719477620e+01 1.718796958357378202e+01 2.472693200361021937e+01 1.257107811817855314e+01 1.689030224638083766e+01 3.174034004225354266e+01 2.403337711308142843e+01 2.975267258140689819e+01 3.622010720090997893e+01 3.156492907517095148e+01 1.886957890090404888e+01 2.144637919591763975e+01 1.869064781714827106e+01 3.816593392625327397e+01 2.141600002755548005e+01 2.844542926832627572e+01 2.849212601018062685e+01 1.398170347077030051e+01 3.612772499225529543e+01 1.446046784637532667e+01 2.027351905015328271e+01 3.725328583193747534e+01 1.118336172350242208e+01 1.645874980160034085e+01 9.987168713114455088e+00 1.207242117252842384e+01 2.024156235742372800e+01 3.464171678062906778e+01 2.132706967090640404e+01 1.909811512901994845e+01 1.975358666793302120e+01 3.668024363204949623e+01 1.736767841574436488e+01 3.624606265014359963e+01 1.907769137947821392e+01 1.281774406478248451e+01 1.623831113213385891e+01 1.810643572009572111e+01 3.021856430518068848e+01 2.313166550311230907e+01 1.292038496831276539e+01 1.305912178451260885e+01 1.078832355231867446e+01 2.387304670191717548e+01 1.087063904303484563e+01 7.460456915679271717e+00 2.607367541968083557e+01 1.878345841322951060e+01 2.748054411074489423e+01 1.639791070178240062e+01 3.302210366312151280e+01 1.653118778705548664e+01 3.656063793157385078e+01 3.409015396454508817e+01 1.690088514861271562e+01 2.139657411818603094e+01 2.197055802455906459e+01 2.427505980433075905e+01 3.295140408551841205e+01 1.185241245986279424e+01 1.033544560842166327e+01 2.615710332302990082e+01 9.157465183676199771e+00 2.009150391421123771e+01 1.021264361003247245e+01 9.615483868566130354e+00 2.607367541968083557e+01 3.295665264361466740e+01 6.448033694875965338e+00 1.675390630214182863e+01 3.080764338540953062e+01 1.711369175196629300e+01 2.085433340847759709e+01 2.663293255916128288e+01 1.090564917646078058e+01 1.504162759709913111e+01 3.569020409559864504e+01 2.771699421135815200e+01 3.322354667766032321e+01 1.428770165604310627e+01 2.081451326477499464e+01 2.750234535959881654e+01 2.308472538079531233e+01 2.458500330870400674e+01 1.457072925141345543e+01 2.720270380830790202e+01 1.854853673043511364e+01 2.801401314843811363e+01 3.163306408873654618e+01 1.903972702971871911e+01 3.128047515614374419e+01 1.828167993935633007e+01 1.616973153668076435e+01 2.115500672336925092e+01 2.923143037623473717e+01 1.551010618164849575e+01 2.081314535916753883e+01 3.166221184405894462e+01 1.148215709219523717e+01 2.497569949481679075e+01 2.305803592978818273e+01 1.437231818882265344e+01 3.286696160075977957e+01 3.638416508224410961e+01 3.551258243815453852e+01 2.355912150630766533e+01 1.694664448451482386e+01 3.373455475557117467e+01 3.145281338973961383e+01 1.735064740362042812e+01 1.606779633759533965e+01 2.515590524021204999e+01 2.680623893501833521e+01 1.982400521777522684e+01 1.447832784772755765e+01 1.654115247707644798e+01
1.232750722434614232e+01 2.161120950177555500e+01 0.000000000000000000e+00 1.136766276690517863e+01 2.499073500245692969e+01 1.439920548691064361e+01 1.151118353085934842e+01 1.777626732690554334e+01 7.665695556213988127e+00 4.800467082574124689e+00 1.111042736755133298e+01 7.326952023676410519e+00 1.763667023375402110e+01 1.700070607702001624e+01 1.616072275795139035e+01 2.214508799181419008e+01 1.302906324374714764e+01 1.256045286489553447e+01 7.952866327234008992e+00 1.520591736293862972e+01 6.542289416323292528e+00 1.101717093610417919e+01 5.144148316464806747e+00 9.319394599828694226e+00 1.499826442826341300e+01 1.021161934252418035e+01 1.838530930071259917e+01 9.897352078489518590e+00 2.070423612619636700e+01 1.696664009956250752e+01 1.187057794052219428e+01 1.087388596225996196e+01 8.914510472114608675e+00 1.903817952826427984e+01 1.531463946326209857e+01 2.554952194959169276e+01 1.189602419927367194e+01 1.610630058508295548e+01 1.508267024315298421e+01 9.138867901447945030e+00 1.251494607074153897e+01 3.082854570306792041e+01 1.335303870964660788e+01 1.331101925774429340e+01 5.442751718933833693e+00 7.752822812010072617e+00 5.181201180318611321e+00 1.586286942287608426e+01 1.009595819901045033e+01 1.646303036860363278e+01 1.496901623361257094e+01 1.161498106326953739e+01 1.863889402676911899e+01 1.109501573842440258e+01 1.097082204026011887e+01 1.159897650711295292e+01 1.735479662115293564e+01 1.509804847651042081e+01 2.918532406443399196e+01 3.429435916514133265e+00 1.475501233184546379e+01 2.161106829357551717e+01 8.717020867721860355e+00 1.952356326566684430e+01 6.879856818692012155e+00 1.716004769974472310e+01 1.246185499453978807e+01 2.951259619087844044e+01 1.546855001069141444e+01 1.367786401316663891e+01 1.274765021636932616e+01 4.130581790476632875e+01 1.151339811190005591e+01 1.865718106807570820e+01 1.333723784956809943e+01 1.052588797740125770e+01 2.440608775486861504e+01 7.944228416144411220e+00 2.874728889794834075e+01 7.447262856906438522e+00 2.424478907613077538e+01 1.339193528663698807e+01 8.717020867721860355e+00 1.241584969757954404e+01 2.148791533935358444e+01 1.736821825633027316e+01 1.228804851691570121e+01 2.173730348890615360e+01 9.454973919792482917e+00 9.956442359622352356e+00 2.721328061457805347e+01 8.801195205834602575e+00 1.468706543873702230e+01 7.698513971577735759e+00 1.307612336309771806e+01 1.539559980508131076e+01 8.513377183161789929e+00 6.308638806450669101e+00 9.127177699429861235e+00 9.249165192461363816e+00 2.109228401790555196e+01 1.016417782910187562e+01 1.660928173289249088e+01 1.036353292825976879e+01 1.139924881458585837e+01 1.934726973637365788e+01 1.554321409339005555e+01 1.606041117475645663e+01 6.538960600911313925e+00 1.021297929332018306e+01 9.053202130171641215e+00 2.406157293591271440e+01 9.328021149933901413e+00 1.760626664545921116e+01 2.476230956164636865e+01 9.489035083708193596e+00 7.048227058074288287e+00 2.851734720735792550e+01 1.154603870614710104e+01 1.529294382473277025e+01 1.786606832178024362e+01 8.399046783325287535e+00 1.568575746334204446e+01 1.279827296345174581e+01 1.108145823988234291e+01 7.859829559157281764e+00 1.411689747171741338e+01 4.607331547792826498e+00 1.120367984399200090e+01 2.165326468643070257e+01 1.222648309300162062e+01 3.637838153989238776e+01
2.290768852004041278e+01 3.284284517046682339e+01 1.136766276690517863e+01 0.000000000000000000e+00 3.593715491859126843e+01 6.476475953606439795e+00 1.314051496430391452e+01 2.877444019425864496e+01 4.900432602454456443e+00 1.403857028506773119e+01 1.813065326171861003e+01 1.576981071049046257e+01 2.866982046851915200e+01 8.156152851796484526e+00 2.690581889594665910e+01 3.320927122002441223e+01 3.818223148846268789e+00 2.200717648842999452e+01 8.816879803052552589e+00 2.636027884292140300e+01 1.718767404417840083e+01 3.367144854710641511e+00 9.369687229296809861e+00 4.959552520814837884e+00 5.298825436779247333e+00 2.532101890802160860e+00 2.944498550730948949e+01 1.972768364828693777e+01 3.116883071214569512e+01 6.146719970591096427e+00 2.173868629717395962e+01 6.048539472063447775e+00 5.885187065647484950e+00 2.973063554507967865e+01 6.099610025427677940e+00 3.672080853603068107e+01 2.212385096510357840e+01 5.874561595785027457e+00 2.585731638748922023e+01 1.848882813258434155e+01 2.314361167577676071e+01 4.185169182217619266e+01 2.248871849741628992e+01 3.332858776217435537e+00 1.266469074730382971e+01 1.622648716588069462e+01 1.515256830048762815e+01 5.946741461510172577e+00 1.647668299838592887e+01 1.007981279420720355e+01 2.544841635403147251e+01 2.281880613775889088e+01 2.934144723552716272e+01 2.192724358468605317e+01 4.525573673037584399e+00 1.497645975545825792e+01 2.800042991981890594e+01 2.597976179436999189e+01 3.987204013717204987e+01 9.638024666869631218e+00 2.468550796952869320e+01 3.269838127773216740e+01 9.370793656122284432e+00 3.073402196495905159e+01 5.595302847051092598e+00 2.795679297599218316e+01 5.785695101592652101e+00 4.036152324232811139e+01 5.619335491410120120e+00 5.209473931614392761e+00 2.222713808246484390e+01 5.199217680204154135e+01 2.120771291318968110e+01 2.478253405446153934e+01 6.013934572279756807e+00 2.141664943091713269e+01 3.551646814170843669e+01 7.167483645212259447e+00 3.946440105231688023e+01 1.419795871373385943e+01 3.529497070613551557e+01 2.416304085103129395e+01 9.370793656122284432e+00 4.539512225093105258e+00 3.215061220389387842e+01 2.771879996751350816e+01 1.080215047495878800e+01 2.815449361083890523e+01 1.442638541404223318e+01 7.614927077805897504e+00 3.787578700525179443e+01 1.949143035042448702e+01 4.731606912745531801e+00 5.745970686813969053e+00 5.178281280805148157e+00 2.327834697832150468e+01 1.771300984445064230e+01 6.246938150162692160e+00 1.187036597718359054e+01 1.421365413794773502e+01 2.903964546621274323e+01 6.006446006283278294e+00 2.755701687609780137e+01 6.557483621858933631e+00 4.302318272233747187e+00 3.009106452795679587e+01 1.280518775313365687e+01 2.687847485401582759e+01 1.742027365793434512e+01 2.086273556048473310e+01 5.345993016649090102e+00 3.483313953004555685e+01 1.486205255456204988e+01 9.488461499903570129e+00 3.573857539556613006e+01 8.365667893619272988e+00 1.517328894723276633e+01 3.948786270765268114e+01 1.792448621861022939e+00 5.537820985974280852e+00 8.481870578841219199e+00 1.160086983521874693e+01 1.919696125543497800e+01 5.206575577213169659e+00 4.268380785393825150e+00 1.842498761085900938e+01 2.497159777000776870e+01 8.019118081576511514e+00 8.963760851156925114e+00 3.219685785347048324e+01 2.280350673182905297e+01 4.710425603099714209e+01
1.713578543788341690e+01 1.605412574400271453e+01 2.499073500245692969e+01 3.593715491859126843e+01 0.000000000000000000e+00 3.868440214535657873e+01 2.454242915564144667e+01 1.302419035866674513e+01 3.210145961448512963e+01 2.242588612113716451e+01 2.326175218902230668e+01 2.145358052430996665e+01 1.602743181946609141e+01 3.807111190374060072e+01 1.279119333946565007e+01 1.470050571017634589e+01 3.770616313375281692e+01 2.190330824841525370e+01 2.777870624363303165e+01 1.124931839324650795e+01 1.962676065626038735e+01 3.460647257085351214e+01 2.698959663252495744e+01 3.303285307828301143e+01 3.926326615915697715e+01 3.468624444319085143e+01 1.485882070675798872e+01 1.814506513059190596e+01 1.840298948155401959e+01 4.101512359737271396e+01 1.637134023076040634e+01 3.137427759817873607e+01 3.072115043844510751e+01 8.051201929806289570e+00 3.903740853475900252e+01 1.588670115448006115e+01 1.481481393647417910e+01 4.021071835570592867e+01 1.237060216261591528e+01 2.102299384736166132e+01 1.533996161761314170e+01 1.616470513676422271e+01 2.281343124382655319e+01 3.749253542727786481e+01 2.463699274570135245e+01 2.145524487241594969e+01 2.133576783460004478e+01 3.961130286617239449e+01 2.059919602971230290e+01 4.116818093876175055e+01 1.763416597101955574e+01 1.895093725721797995e+01 1.180038264533705927e+01 1.522568559932119392e+01 3.315956666117202190e+01 2.785610260981648523e+01 1.278097982194378801e+01 1.245663152326476641e+01 1.096238962602332734e+01 2.721767948528888681e+01 2.114108035421261889e+01 1.928791420796715528e+01 2.999202391361939490e+01 1.493527989977749471e+01 3.094614114687904305e+01 1.785876615493938857e+01 3.599066461720206433e+01 9.846814274002472445e+00 3.944630460817906226e+01 3.731720833802653203e+01 1.889880660674919355e+01 1.656802847134213863e+01 1.785186851048838719e+01 2.539692256889845012e+01 3.554291233834597108e+01 1.521197040780576337e+01 1.374435507543164547e+01 2.913685862074407495e+01 1.086084639719979350e+01 2.301487765104485561e+01 1.398299496173029510e+01 1.422148680967090506e+01 2.999202391361939490e+01 3.567524446395538718e+01 1.616052028654052819e+01 2.121753844275768586e+01 3.388223442888409664e+01 2.487944270260963009e+01 2.415207560227764461e+01 3.034506193233039184e+01 9.800641469089129032e+00 1.703751472229171782e+01 3.910506235146512921e+01 3.189858421595724991e+01 3.598158329870150851e+01 1.616283552955288272e+01 1.869561484488881931e+01 3.042189111680061941e+01 2.617137785942961159e+01 2.571449321954145972e+01 2.448421891257846283e+01 3.104599506908968465e+01 1.450077304693774494e+01 3.126275148480663546e+01 3.447107934165403265e+01 1.374558043201776769e+01 3.419553737713827957e+01 1.834339530348447411e+01 1.912922099023759515e+01 1.802827109697204833e+01 3.201272433065356182e+01 1.757942478373908557e+01 2.244672319513688308e+01 3.545025976529408496e+01 1.305165318709838473e+01 2.801806211233751043e+01 2.287390042480604535e+01 1.831883441390610656e+01 3.596242645867589260e+01 3.915801972806547582e+01 3.853002672170021725e+01 2.642717815009124749e+01 2.091152491533933144e+01 3.710973066599791537e+01 3.492902221573277899e+01 1.846840325288663820e+01 1.540545924935218025e+01 2.844134350344119611e+01 3.014242276041812829e+01 1.704795747051090871e+01 1.404285854584073334e+01 1.521436415530026132e+01
2.600558732334232204e+01 3.377538982208809415e+01 1.439920548691064361e+01 6.476475953606439795e+00 3.868440214535657873e+01 0.000000000000000000e+00 1.498866379747700428e+01 3.099655220652447341e+01 7.332153158033531071e+00 1.702297873319393062e+01 2.428431335768064514e+01 1.740900461750763029e+01 3.052849528269679169e+01 1.114997547216488627e+01 2.977899705085802395e+01 3.551244095274415713e+01 4.346742972501132840e+00 2.511415017670107730e+01 1.256407861299973661e+01 2.860115486609104707e+01 2.033026177155861802e+01 5.687183872842215493e+00 1.314546245326201301e+01 1.012168674203674712e+01 6.970739926579215151e+00 6.659389429953082029e+00 3.174432977567393621e+01 2.305998280409891521e+01 3.410078729946220477e+01 8.701937558823724217e+00 2.531043688105684097e+01 8.664526719006929056e+00 9.526403059141202334e+00 3.217956428750834164e+01 7.103913311533959885e+00 3.834304879956541612e+01 2.520916245945782563e+01 8.227064712310108163e+00 2.796549370569114501e+01 1.957050323987391494e+01 2.512868758047437368e+01 4.411556852955417440e+01 2.688391568796251008e+01 6.636064008910410372e+00 1.760625837511906155e+01 2.107782335708345300e+01 1.841913048883443693e+01 8.330226354620645424e+00 1.870620571880015603e+01 1.197067263398430725e+01 2.863583722283962629e+01 2.457554467914013330e+01 3.224104476768653171e+01 2.425314269232815789e+01 6.143547321395939953e+00 1.937766612397230048e+01 3.097470122676054771e+01 2.872325277568847213e+01 4.233453627161875232e+01 1.292167101005083829e+01 2.741045035397648277e+01 3.516881287329769634e+01 1.383063687417469367e+01 3.193287672186128034e+01 9.111837903379665704e+00 3.063122836814312677e+01 5.876325911831999704e+00 4.279725822589277584e+01 7.921471716432600729e+00 3.968862127981097387e+00 2.509463269042888456e+01 5.429335097416477396e+01 2.449764676750792347e+01 3.022731447253212878e+01 7.120221703676282488e+00 2.409250128305360406e+01 3.795642373491626387e+01 1.088709183361864419e+01 4.187181882100884422e+01 1.706691766494317619e+01 3.768601274584704441e+01 2.580419454885692687e+01 1.383063687417469367e+01 5.371743281340513931e+00 3.456278080168226552e+01 2.910194790744477444e+01 1.561224883945185304e+01 3.262727074236625668e+01 1.485899619142541539e+01 8.829937747857446340e+00 4.016967635358544442e+01 2.251939867072941581e+01 7.667957417367293971e+00 7.427396122688996627e+00 4.937362960554489533e+00 2.655516958437307196e+01 2.214973153304631026e+01 1.030723701562454764e+01 1.776215669611637438e+01 1.987269800817436050e+01 3.275443360874849930e+01 8.266457422777179431e+00 3.002098511891219701e+01 8.509171446099921710e+00 5.746497009995135130e+00 3.312861734687068349e+01 1.738403017699435438e+01 2.882560384658184915e+01 1.988529091874596233e+01 2.260613321724221336e+01 8.100449263655423948e+00 3.722070522748457222e+01 1.788966719716037801e+01 1.122409865024655851e+01 3.849250337593964133e+01 1.110495459271116125e+01 1.895573321787635024e+01 4.183899029575380268e+01 6.739160782396159455e+00 7.968741335822937089e+00 1.183162668923573158e+01 1.548587897699388094e+01 2.387447942049378469e+01 6.382384721548029383e+00 4.549286436814810486e+00 2.045972230473308429e+01 2.777569869757288146e+01 1.098975221603799568e+01 1.167798126795539737e+01 3.505330942395524119e+01 2.579321207939083394e+01 4.998529103669598328e+01
1.904724677284734824e+01 2.036357453125060601e+01 1.151118353085934842e+01 1.314051496430391452e+01 2.454242915564144667e+01 1.498866379747700428e+01 0.000000000000000000e+00 2.541980409596243362e+01 9.190334938642799045e+00 1.412251655706626785e+01 1.754811367973455205e+01 1.548127093137338228e+01 2.330876895976175334e+01 1.532699085733366218e+01 1.806525377219104556e+01 2.595123806812651779e+01 1.467380628192271175e+01 1.808012498573699389e+01 1.216776152410767686e+01 1.872921486874026087e+01 1.651235581051947321e+01 1.198446188662474654e+01 9.776722732223905865e+00 9.875602599282048644e+00 1.655724949085697162e+01 1.171576699584411330e+01 2.606828193732510357e+01 1.954285640794417844e+01 2.553806206163887893e+01 1.835813905442358163e+01 2.057378735184678931e+01 1.321118511465875756e+01 9.062067941578632713e+00 1.938220602761407818e+01 1.660080748017954377e+01 2.775193596176729116e+01 2.226505389666925083e+01 1.759233940721160749e+01 1.630238655646251189e+01 1.125795429970620098e+01 1.173392696870945429e+01 3.021169476744126214e+01 2.038980256718243567e+01 1.491268829186048350e+01 1.327699143280904970e+01 1.618416691141090524e+01 1.470635786514118237e+01 1.694568915383502627e+01 7.000831810886827711e+00 1.686724144970990835e+01 2.196833032411390008e+01 1.827837327377438825e+01 2.429016288921244637e+01 2.110546024661627129e+01 1.309522921359612013e+01 1.469917805150199897e+01 2.106898382224894561e+01 2.052352528214603211e+01 2.874644585421592069e+01 9.809259993770847785e+00 1.440922415603322904e+01 2.110517344734494927e+01 9.669520132388424116e+00 2.604085550896792967e+01 9.280180926120602081e+00 2.219289035666871612e+01 1.390613744620034709e+01 2.907870432089999824e+01 1.687503973017755499e+01 1.504896755124066132e+01 1.542214478807521338e+01 4.086495342456647961e+01 2.117545123183872846e+01 2.279267628850499960e+01 1.359217275481982945e+01 1.331083037186174955e+01 2.402844869675347184e+01 1.253092870176407025e+01 2.832671063708351866e+01 1.244946671376122715e+01 2.493248335965192553e+01 1.235129653223632573e+01 9.669520132388424116e+00 1.340094730761028785e+01 2.205247688071281686e+01 2.023899521770080412e+01 1.287306885656409428e+01 2.039230092523260396e+01 1.694231124585000359e+01 1.312727019220257674e+01 2.676699403981086078e+01 1.765120840092660615e+01 1.592901468764599748e+01 9.163286185411136486e+00 1.422863493472655882e+01 1.234988747683886245e+01 1.812055856538734844e+01 9.864255089590585612e+00 9.896592064546252843e+00 1.664056060904793810e+01 2.012873061159616839e+01 7.709559403504454345e+00 2.437627230319904115e+01 1.341176131439482688e+01 1.247529378300925096e+01 2.615543663489378901e+01 1.478270985218860289e+01 2.168971725323547517e+01 1.364927933460390541e+01 1.944946117932313356e+01 1.046116938011147113e+01 2.755495166404522323e+01 1.681649089440900369e+01 1.202147985164535982e+01 2.446913474593113591e+01 1.273319758705033955e+01 1.675209770934588249e+01 2.950652242638618006e+01 1.327500942226212466e+01 1.666547669298540058e+01 1.562664286558271876e+01 9.166604039052581143e+00 1.043332055894742005e+01 1.433258985533627339e+01 1.340383668829979769e+01 1.602853793901659429e+01 2.012392066214901831e+01 8.323758055249269816e+00 1.010481545670692327e+01 2.780584539977855485e+01 1.644983900025712487e+01 3.596987002052374294e+01
9.749518221250980332e+00 1.823084817325498008e+01 1.777626732690554334e+01 2.877444019425864496e+01 1.302419035866674513e+01 3.099655220652447341e+01 2.541980409596243362e+01 0.000000000000000000e+00 2.497049071089921668e+01 1.546334709904243176e+01 1.588888948900747700e+01 1.419964384655986223e+01 8.751350447510388264e+00 3.092053873035754208e+01 1.089977351338539968e+01 7.113165351640743594e+00 3.018890966767798290e+01 1.300511017654490331e+01 2.064188486241338438e+01 7.352110516259876327e+00 1.292401777015639475e+01 2.799017548490680696e+01 1.998945840385331252e+01 2.617804204820332004e+01 3.214396195058664318e+01 2.772793645458324008e+01 3.051279667362707393e+00 1.017660891199290774e+01 9.541361588959283324e+00 3.429574607421561439e+01 8.045812090188235288e+00 2.439234994162637804e+01 2.600692885887561090e+01 1.228533684123938130e+01 3.198595934476248814e+01 9.882961574450282782e+00 7.447209656842998626e+00 3.321455571561259745e+01 1.302933301337951377e+01 1.857430506620664090e+01 1.659235649698999282e+01 1.451986547424771956e+01 1.251617631924422724e+01 3.049575472235586560e+01 1.796142160866668647e+01 1.483484767923119207e+01 1.447134073453788794e+01 3.284581269243039259e+01 2.003408349162826596e+01 3.386283579684436518e+01 7.324267494522677779e+00 1.043859183986750239e+01 3.818060635819795046e+00 7.929887880515854803e+00 2.641549186107207348e+01 1.887686063843208828e+01 8.077627767042779183e+00 6.837233608886491787e+00 1.406652429892330147e+01 2.045306595094028879e+01 2.142170501790551995e+01 1.930547213444288346e+01 2.354712465551425282e+01 3.152088570538841950e+00 2.369285070412075456e+01 9.806280583150110530e+00 2.874063982789878224e+01 2.143932457892250909e+01 3.249234487955670403e+01 3.009155526437944772e+01 1.287542982418255377e+01 2.373178085219001687e+01 9.617198583479733998e+00 1.571707961997430658e+01 2.958757968681911876e+01 1.254188509071148694e+01 1.167805356169117914e+01 2.197333731158052927e+01 1.581256612374437864e+01 1.583243603349037798e+01 1.021595536569486029e+01 1.570336935796922972e+01 2.354712465551425282e+01 2.908268650517098308e+01 1.563819192897745225e+01 1.411820146503441364e+01 2.795543039166601318e+01 2.262908179582905177e+01 1.664466192061290428e+01 2.295742769954391349e+01 1.606360853575038306e+01 1.008361952910615500e+01 3.199183328731763254e+01 2.474210740631151495e+01 2.924477182523445506e+01 2.392312826261331082e+01 1.164007532327659966e+01 2.357984033090685116e+01 2.128268402026034423e+01 1.823515793115874573e+01 2.294408339853886147e+01 2.690603365101246780e+01 3.603942981191537775e+00 2.369222140737608484e+01 2.792747387310434704e+01 2.574368226268102688e+00 2.796125590493971202e+01 7.982080170772663408e+00 1.338514989060453608e+01 9.518328378915970944e+00 2.561707250032433336e+01 1.051364846851266321e+01 1.599007936146953313e+01 3.460458518198587541e+01 1.086062707309746678e+01 2.097095973002409863e+01 1.588403807298854709e+01 1.367826151858438521e+01 2.855907504151168297e+01 3.243980823895972065e+01 3.424124250424941351e+01 2.098083574473904989e+01 2.546293748147745717e+01 2.974687698590139817e+01 2.736277070792972665e+01 1.278093196278675236e+01 7.050186606348822771e+00 2.119272627371541162e+01 2.421469442691466867e+01 6.715058227817660708e+00 1.043721651344198875e+01 2.267584027785394696e+01
1.940974321869013153e+01 2.841720791466728357e+01 7.665695556213988127e+00 4.900432602454456443e+00 3.210145961448512963e+01 7.332153158033531071e+00 9.190334938642799045e+00 2.497049071089921668e+01 0.000000000000000000e+00 1.042696709483918127e+01 1.752526202494365748e+01 1.131658417148690532e+01 2.431622513339130620e+01 1.178718052460229160e+01 2.325187219368972791e+01 2.883612467255288436e+01 6.494514534336719436e+00 1.871753082149065150e+01 5.814479876780271894e+00 2.210526468281351953e+01 1.366347602448019849e+01 4.664599298645392800e+00 6.319723352943264594e+00 4.703704826678412942e+00 8.858516477457227367e+00 4.036626265843107575e+00 2.538098179286926026e+01 1.650142317590177754e+01 2.747639824133908704e+01 1.056423610302035598e+01 1.836648794713508082e+01 5.658150555122188230e+00 3.643701607774567197e+00 2.625498287890038895e+01 9.428586659221153354e+00 3.247436000376936960e+01 1.833345615795743200e+01 9.924569013682074115e+00 2.210452464038896636e+01 1.403789263097547035e+01 1.893727848814241455e+01 3.792277817905448245e+01 1.992769412620760860e+01 7.063699288983712243e+00 1.056833450370292127e+01 1.450094158969968561e+01 1.150846036680067996e+01 9.961997215760526103e+00 1.257137990110835091e+01 1.081638121120614926e+01 2.194134133253856334e+01 1.857446531340258744e+01 2.586392415409261503e+01 1.777203409662853772e+01 5.269594767511206257e+00 1.415001321984871119e+01 2.452300026396376254e+01 2.200341917826462534e+01 3.640176392693491181e+01 6.833912312149675650e+00 2.125852261330636850e+01 2.859787468765518526e+01 7.428478066370566957e+00 2.613887685908910896e+01 2.724418565022319161e+00 2.381848090052253397e+01 7.840050438423140200e+00 3.676401712908304376e+01 9.533432756477809633e+00 6.933453800947524392e+00 1.831739985741550569e+01 4.854420737259767549e+01 1.780837592704987671e+01 2.333474371196092179e+01 7.429279888748794747e+00 1.768319634458940470e+01 3.141488427979066245e+01 4.708552737946239297e+00 3.600707725537449022e+01 1.076751746876306370e+01 3.116145401123235459e+01 1.988464277183301476e+01 7.428478066370566957e+00 6.594764260322253158e+00 2.871448677732666255e+01 2.333718004606128460e+01 1.170037550548242677e+01 2.738326597439679233e+01 9.976228055009501716e+00 5.170945139860345208e+00 3.443957435858408900e+01 1.598082882917366732e+01 8.467718876997430755e+00 2.256399734600121221e+00 6.880621652243573472e+00 1.968520059644305320e+01 1.508215284581675952e+01 4.860541087514421932e+00 1.153222394088038527e+01 1.400554143616922431e+01 2.704359096862750178e+01 3.702889723542459599e+00 2.352611408389766368e+01 5.330887200279764038e+00 5.497184363247948014e+00 2.639686096041326380e+01 1.451307336942990034e+01 2.238679568054373803e+01 1.344803442324247911e+01 1.630108133896849409e+01 4.722027025481654761e+00 3.105605534946710833e+01 1.136772662593852878e+01 1.219971440228331971e+01 3.175743507451633008e+01 5.925737677675451565e+00 1.314792257294570099e+01 3.537192732393050676e+01 5.343818936707255496e+00 9.254148327325035339e+00 1.201745141044255227e+01 8.907104483375617221e+00 1.821134067627306408e+01 6.198612460847185979e+00 4.995922324520284619e+00 1.426049076479139543e+01 2.113813763748079921e+01 4.150617691619454597e+00 1.002270292754023551e+01 2.880905722498900801e+01 1.933523071362090917e+01 4.359609314041178152e+01
9.643655750094049850e+00 1.963366974422046241e+01 4.800467082574124689e+00 1.403857028506773119e+01 2.242588612113716451e+01 1.702297873319393062e+01 1.412251655706626785e+01 1.546334709904243176e+01 1.042696709483918127e+01 0.000000000000000000e+00 1.041929337634357999e+01 8.648806390101569264e+00 1.549283809968318160e+01 1.980926702309185217e+01 1.346303208193172019e+01 1.989926442805690598e+01 1.582836931902245148e+01 9.691165205785935655e+00 7.659285721751311726e+00 1.306701291280885968e+01 3.915904379695295034e+00 1.288377791249879145e+01 5.667388213188903734e+00 1.226707343249883664e+01 1.736186445379569321e+01 1.297097536606259105e+01 1.630364262124025743e+01 8.514748622298320413e+00 1.877759188295295090e+01 1.916575100884481131e+01 1.104203125285294718e+01 1.090239766618826422e+01 1.166120219315975959e+01 1.631142500269954354e+01 1.730507077406719318e+01 2.343360923763948733e+01 9.778988715161883505e+00 1.836604751232502863e+01 1.400390450992320268e+01 9.340597901239357626e+00 1.295223415365108899e+01 2.850519088900255582e+01 1.281130784260774824e+01 1.542534543390683943e+01 7.755476534589978321e+00 6.027479668245800504e+00 2.973992334767269430e+00 1.816665661740489313e+01 1.022705114160640782e+01 1.966320958439653666e+01 1.280105688884633608e+01 1.009941449068455022e+01 1.573431831629529398e+01 8.902131162752459304e+00 1.224083398687961122e+01 1.231027865654031395e+01 1.432030452319569491e+01 1.272743804464533923e+01 2.618398376729578914e+01 6.144585542103258469e+00 1.328417782912967660e+01 1.935733127161181244e+01 1.042942658167477177e+01 1.756894101384693840e+01 9.514424466922157819e+00 1.526775166649077775e+01 1.430799003483431520e+01 2.693846901419168560e+01 1.756640232991613715e+01 1.576623550046324418e+01 1.165160360741315237e+01 3.834260589785654361e+01 1.055091464213083796e+01 1.804526393521124206e+01 1.482769689603168040e+01 8.263318277960836511e+00 2.210507181772549146e+01 7.609912172928133600e+00 2.589878263099740963e+01 6.176620215055544705e+00 2.202994238102830593e+01 1.355408611567736621e+01 1.042942658167477177e+01 1.420352809375095582e+01 1.880438162777224775e+01 1.710807704930434880e+01 1.448888926311238556e+01 2.228216770351167852e+01 1.047800654474021265e+01 1.004467402834361778e+01 2.421694595818614459e+01 5.899443399973546498e+00 1.778607214827003347e+01 1.024053391573098537e+01 1.426803423027995876e+01 1.399203345520237285e+01 7.738167540800902522e+00 8.750454562536136294e+00 1.015553871131571384e+01 9.114945296464055602e+00 2.166056442066039622e+01 1.285653771610160589e+01 1.430003367760588695e+01 1.044071897894564849e+01 1.315961210928553449e+01 1.668291956101111495e+01 1.654736375205242283e+01 1.457067753243682695e+01 7.387315245219049586e+00 9.197535289036251172e+00 1.061371842398656362e+01 2.158601787913643122e+01 9.256732315265077560e+00 2.063114237773321591e+01 2.234996341303006773e+01 9.018708505740917758e+00 6.366853571717727256e+00 2.622484336146497697e+01 1.390150632772862771e+01 1.746652947234952435e+01 2.051284895995761914e+01 8.753536425528945841e+00 1.666500097931069746e+01 1.539890726321534586e+01 1.317139654264621562e+01 8.965288322996137538e+00 1.182709667811650434e+01 6.895597056098571542e+00 1.273170308832598074e+01 1.864705683761974342e+01 9.279702863524747158e+00 3.348567004582490370e+01
9.525606260598539876e+00 1.955063090079710264e+01 1.111042736755133298e+01 1.813065326171861003e+01 2.326175218902230668e+01 2.428431335768064514e+01 1.754811367973455205e+01 1.588888948900747700e+01 1.752526202494365748e+01 1.041929337634357999e+01 0.000000000000000000e+00 1.524591107417636948e+01 1.544195561733591227e+01 1.875490791873716034e+01 1.328568415900747013e+01 1.911602563751133488e+01 2.161943257722137091e+01 1.067114023556201374e+01 1.585067180149538224e+01 1.378876623504958765e+01 9.923363572648613129e+00 1.910567286589650138e+01 1.344877905763168968e+01 1.464352561186086632e+01 2.231617118403862676e+01 1.813610386507643213e+01 1.654606010773793301e+01 1.219075229017179929e+01 1.733542444589952325e+01 2.110638656638245436e+01 1.263903070072127477e+01 1.975837871983412697e+01 1.708954040723684287e+01 1.784299492743860327e+01 2.242255338510238616e+01 2.280546861166203954e+01 1.624587478650653694e+01 2.237951672631228561e+01 1.513040252879488712e+01 1.651289844887218905e+01 1.553277692512243746e+01 2.777687526033333398e+01 9.757411318283875090e+00 2.004431569894671838e+01 8.944733905150453523e+00 6.841319521367188905e+00 9.389615809550763359e+00 2.170816187386342122e+01 1.293969929025979759e+01 2.113458944870172829e+01 1.177703486187220605e+01 1.078901259332497453e+01 1.499868093904876787e+01 1.514103800119840315e+01 2.104211974784409733e+01 7.451794007703269607e+00 1.330900850430771953e+01 1.326614901731421448e+01 2.484550771307360151e+01 1.198430136234834187e+01 1.453859217359780409e+01 1.899604130853166595e+01 1.119725499880436459e+01 1.756707208179849644e+01 1.555041089265400700e+01 1.441101389061003069e+01 2.094998834070931082e+01 2.764094090274965509e+01 2.145983711243223269e+01 2.296640159992610819e+01 1.070827069830028400e+01 3.724679452433160520e+01 1.404286041453245915e+01 1.322299252403548486e+01 2.065625141422360755e+01 9.752234182854129685e+00 2.143204814688336057e+01 1.622871342865505184e+01 2.493918485174837940e+01 1.135635543163539651e+01 2.133454020612362712e+01 1.632732618359900911e+01 1.119725499880436459e+01 2.011759194680554685e+01 1.818601617476538479e+01 1.412444397155732112e+01 1.360316878874380819e+01 1.700844347987471394e+01 1.791871144091911106e+01 1.962453252234569945e+01 2.322948263715356276e+01 9.829484595332175445e+00 2.033267847566045106e+01 1.787511131459662295e+01 2.133952267976000172e+01 1.654423261411811552e+01 1.106394673905534098e+01 1.431152036356359147e+01 8.285603128202515322e+00 8.811515412347381115e+00 1.740946053642061386e+01 1.881789237793975644e+01 1.514704580065684425e+01 1.961394290564424736e+01 2.003749582556942954e+01 1.611899104056670140e+01 1.381649353675389591e+01 1.371334141942547014e+01 1.182221345911248278e+01 1.404356634275915106e+01 1.771223640606456584e+01 2.059656104556027501e+01 1.600325933856098359e+01 2.364628356151615307e+01 2.163209735194489269e+01 1.837577496448373893e+01 1.029086329938361821e+01 2.548377231240617036e+01 1.784984917605337174e+01 2.181301183798480636e+01 2.145958455011926347e+01 1.068582228394072686e+01 1.489495444472629693e+01 2.151157539130524654e+01 2.139542224589035158e+01 1.526392631347514239e+01 1.111457539262149297e+01 1.421161360637207771e+01 1.472355192640182509e+01 1.772765549413884045e+01 1.079055155879253824e+01 3.211431303915180990e+01
1.131284328741277889e+01 1.813362080954983924e+01 7.326952023676410519e+00 1.576981071049046257e+01 2.145358052430996665e+01 1.740900461750763029e+01 1.548127093137338228e+01 1.419964384655986223e+01 1.131658417148690532e+01 8.648806390101569264e+00 1.524591107417636948e+01 0.000000000000000000e+00 1.382312399873034181e+01 2.077016419519782175e+01 1.272313944668300678e+01 1.885312048283415365e+01 1.723489516418970169e+01 1.624135227669531645e+01 8.119576193161417876e+00 1.152317294851460616e+01 6.697920630531579711e+00 1.527768080475534873e+01 8.330021668424560488e+00 1.369906102510178592e+01 1.946816214273942336e+01 1.476599035626679068e+01 1.469061641971202903e+01 1.142946142066502446e+01 2.003966018596710441e+01 2.147393731559213848e+01 1.356031977241373454e+01 1.191308360330644334e+01 1.315577785210258277e+01 1.547731740960250058e+01 1.960602140771705848e+01 2.177251001682229514e+01 9.771271272707728883e+00 2.056320974552205527e+01 1.117910626460083634e+01 7.662194703337477542e+00 9.871942391762596358e+00 2.735558947662670093e+01 1.793561703394452422e+01 1.776545495285813914e+01 7.072503894474105657e+00 1.109984149410022525e+01 9.142878288526684827e+00 2.034936186216688014e+01 1.397082690299436436e+01 2.014126043306093194e+01 1.557832878367089791e+01 9.890074557589457527e+00 1.525903219668297872e+01 7.586959571431703964e+00 1.359137039579678685e+01 1.716017381103091921e+01 1.505260454975096707e+01 1.136833888292103900e+01 2.566203062725504225e+01 9.309409482246676859e+00 1.909520722535819104e+01 2.261316712696871178e+01 1.375379847795666954e+01 1.544771263587479737e+01 1.088616765727372204e+01 1.787849356449225269e+01 1.602070271809030189e+01 2.592524515601335011e+01 1.988810356596152218e+01 1.684887377488049154e+01 1.729762576727413759e+01 3.773321896388682717e+01 1.152438971387079114e+01 2.461670929094109184e+01 1.706798946763461089e+01 1.124848064965730998e+01 2.091468350588303338e+01 9.119827386394723234e+00 2.517073439159841541e+01 7.519790235477464613e+00 2.063509867926291008e+01 9.215268929913653650e+00 1.375379847795666954e+01 1.652637818457314367e+01 1.878742816656363956e+01 2.074835951879531137e+01 1.782522191971212422e+01 2.779529909405226817e+01 3.395986534749544816e+00 9.358456112719572673e+00 2.363827926075200381e+01 7.112996570013640607e+00 1.871397131278483172e+01 1.100003257652905653e+01 1.661648091950410944e+01 1.912381008500170054e+01 1.022291702201772701e+01 1.167598647644068777e+01 1.464489144327147763e+01 1.575508186396218768e+01 2.643373055686861051e+01 1.394938303743028207e+01 1.345645408931777531e+01 1.101622998483624905e+01 1.543848205143157948e+01 1.581655635959223005e+01 2.076754957795605705e+01 1.695033002762245644e+01 4.998188591973525163e+00 1.170232128796367732e+01 1.292217087618902305e+01 2.152092606024115540e+01 3.975316585422592031e+00 2.158231163479808856e+01 2.171168505955322914e+01 8.444021561515128838e+00 1.252487793824565010e+01 2.514637411954991109e+01 1.599220689469398238e+01 1.971539059755220080e+01 2.216419458380109120e+01 1.346223371896300058e+01 2.157169564791045602e+01 1.655046205487576572e+01 1.422508616200166642e+01 4.906893528923355063e+00 1.446893217205219528e+01 9.107839594625707136e+00 1.696155233126422246e+01 1.896420770530069078e+01 1.146140536918562347e+01 3.285033289714313298e+01
