0.000000000000000000e+00 2.821723696921425812e+02 4.382815022956295934e+02 6.007770059602195943e+03 5.523294994251096490e+00 2.768850539895930396e+01 4.411410952994900754e+02 7.086473277297295681e+02 1.440466146235648239e+03 2.799349364646232061e+02 1.817824952260613281e+04 7.128723319984489137e+01 1.147432635538786982e+01 3.290834539697010541e+01 5.917983470721464982e+03 2.132229324659311587e+01 9.138570712531152367e+02 1.032700496001910473e+01 1.413906894200058275e+02 1.089202758359118128e+01 6.797070350538358980e+03 2.573878812199890262e+02 6.708286013835825088e+02 1.525235932946847606e+04 5.240043781714891935e+01 8.679875285558805942e+00 9.648480392521737059e+00 1.550441126447490433e+03 5.733433788519657526e+01 1.138427718206609825e+03 6.978461414319701817e+01 5.055948596892695605e+03 2.620210499254294589e+01 1.179788782283595161e+01 3.292157532468285126e+02 7.865544018211591037e+02 2.228285473624460792e+03 1.664947781078833032e+03 1.183951710757895853e+03 2.370537113807294531e+02 4.839091619664070976e+01 2.614098011546194903e+04 6.712329592244442438e+02 4.674470062126608354e+03 9.600542646463041820e+03 1.003383263540670850e+04 9.920114419988383503e+00 8.679335166585269690e+02 8.639798184557118788e+00 1.002278269632195361e+03 3.630448951820827119e+02 1.763864184239256190e+02 4.565559286183816766e+03 4.719323426966678170e+01 9.880924584690419579e+03 7.311030968654733442e+03 4.992485259174001726e+02 1.104791234747011117e+02 4.109134559318635525e+02 7.706037704272981514e+00 8.794747728156053768e+00 1.761451967838247015e+02 3.982998880289126475e+01 6.022205866945016624e+02 8.281453409998791813e+02 6.921597111759383552e+03 3.043189278989232844e+04 1.102105715413963765e+02 3.328660690785763450e+02 1.337273330447786520e+03 2.292867448793436225e+01 3.087963786122985539e+02 3.409398203586418674e+01 6.446027997399159176e+03 9.733985566340438211e+00 2.934062147792255715e+01 1.101894810969049132e+02 1.391365207008317384e+03 1.164118580983905122e+04 1.767734340095715311e+02 2.758569500418236231e+01 1.557241332388755950e+01 4.986449672020843309e+02 5.171104679364531876e+03 8.671132722510116082e+02 1.234471742575681503e+02 4.720136806309014901e+02 3.081214244544239733e+01 9.774816696714007946e+01 7.027501847849466188e+00 2.227444553048957005e+03 4.383236335273732948e+03 1.558510034361987096e+01 1.036697762830064029e+01 1.000768132084998342e+03 1.797647933848785760e+04 1.668901418210699106e+01 4.992635409277694976e+02 2.569183440335669729e+04 6.764087022607128574e+02 8.139941771442408935e+03 1.607515149557967788e+03 1.521729414811563963e+01 1.596370660858514725e+02 7.293317914277410637e+03 2.550534869489787582e+01 9.535847577802621799e+02 7.086760766682405119e+02 8.243471705375230840e+02 1.225898651355150105e+04 1.947283228134012916e+02 1.334586533037121853e+03 3.305380758002986568e+02 9.673437756691104994e+01 8.311016835482195120e+01 7.219960370207071776e+01 9.662382868365584443e+01 5.370297840684075936e+02 1.087789005555617905e+03 5.359309599448171184e+02 3.562937412369710160e+02 1.242002925665392326e+02 2.220322816839300017e+01 1.723426382412215389e+03 8.390438590721979040e+01 1.252452993598390485e+01 6.108362273370416595e+00 1.237445831260497926e+03 4.868976684919535280e+00 6.928626458641932118e+01 1.415739100040062759e+01 9.628606575115629340e+00
2.821723696921425812e+02 0.000000000000000000e+00 2.751466666898402735e+01 3.750061061697967943e+03 3.304821624753826654e+02 1.646693908734687568e+02 2.447220064902568737e+01 1.101239999137811054e+02 4.710814760320041046e+02 8.306402507465323382e+00 1.405741669139770966e+04 8.698648510620522245e+01 3.615656110621080188e+02 4.749331195338901921e+02 3.682120346578197768e+03 4.169166551317864560e+02 1.960419026112509755e+02 3.373600193374294349e+02 3.263611273545620151e+01 3.609120473137978138e+02 4.377311848389837905e+03 1.046700525224616918e+01 9.754669276353170915e+01 1.149857571685702715e+04 1.174936719279469344e+02 3.353891324844572637e+02 3.596128660485726982e+02 5.345002712899697599e+02 9.794288014181553592e+01 3.056133664719556009e+02 8.112954471098413478e+01 3.010407621881549403e+03 4.435736858672248673e+02 3.618281999902635562e+02 1.217786071665567960e+01 1.415084715125321395e+02 9.586245627485828891e+02 6.020654582915886976e+02 3.279932647314524274e+02 1.412887923085708053e+01 1.114088825408685892e+02 2.114524361224631139e+04 9.502947465006884897e+01 2.714645646042979479e+03 6.676805590519366888e+03 7.039097983130446664e+03 3.598717068761349083e+02 1.751858845249000183e+02 3.125492948271748901e+02 2.393316518194095011e+02 1.428633066179111033e+01 1.717578480217325776e+01 2.634037903823557826e+03 1.111175603620588532e+02 6.909945568237696534e+03 4.800479848466790827e+03 4.032346650354737960e+01 5.527249167345907210e+01 2.040403922854458685e+01 2.886665528795858791e+02 3.354408836939024354e+02 1.838399209696615699e+01 1.270755709276924534e+02 7.390661014953062136e+01 1.601920954576141014e+02 4.478743581764298142e+03 2.502421458475178588e+04 5.283769660623855913e+01 6.361630344615356591e+00 4.140712688822677023e+02 4.189564280076917271e+02 4.206046781120300615e+00 4.761098170385459412e+02 4.100507267645837601e+03 2.426540499698517124e+02 4.483822981516513551e+02 4.851659777982812471e+01 4.434689782789315586e+02 8.394041026319371667e+03 2.523054752393604971e+01 1.554245312500667637e+02 1.923229115713744477e+02 4.145619833220707307e+01 3.096376080164977338e+03 1.734204739947444125e+02 3.950523938507143384e+01 3.234739406459480904e+01 1.438121174207028901e+02 5.730018090489270577e+01 3.304838418330960508e+02 9.578019897988812090e+02 2.492607584376631621e+03 3.885757846908554711e+02 3.579974058343444767e+02 2.369796780183945089e+02 1.387769749126242095e+04 3.897226740496043362e+02 4.099117081888738312e+01 2.074209619100906639e+04 9.897829874491090152e+01 5.468538364420023754e+03 5.691129965264690327e+02 2.002899457539131447e+02 2.312692072789034370e+01 4.781591923963676891e+03 4.433953486904497368e+02 2.186545943265405185e+02 1.117925838174012654e+02 1.571340943597354851e+02 8.919978175723086679e+03 1.379665305390488683e+01 4.104232745143873444e+02 6.132368545578829711e+00 6.583349034113572884e+01 6.802544684281400578e+01 8.001115869473871101e+01 6.558573039090781265e+01 5.033565642150285413e+01 2.812137629194810984e+02 5.201392725202991585e+01 9.710795514051600463e+00 4.430853160064008733e+01 4.182190217969156265e+02 6.397769553853116804e+02 7.627113054655467295e+01 3.625323769594870100e+02 2.871947648204439929e+02 3.587319943668364886e+02 3.036706850915867903e+02 8.514483475646689214e+01 1.935193467103909200e+02 2.146306069896102713e+02
4.382815022956295934e+02 2.751466666898402735e+01 0.000000000000000000e+00 3.253733621082984882e+03 4.990667812557356910e+02 2.818235309811496450e+02 6.119627277460164549e+00 4.116612738752653655e+01 3.106989423801322801e+02 2.393479504747020670e+01 1.307586002752267268e+04 1.757317759532963350e+02 5.325441728776344235e+02 6.699602872448128892e+02 3.193164622097596293e+03 5.999029693803825012e+02 1.029821991179773448e+02 5.024247117962697757e+02 9.769356942415910794e+01 5.319199352911826963e+02 3.840213059777006038e+03 3.243730350707195953e+01 3.070109267559601207e+01 1.061356242768908487e+04 2.165047959589585105e+02 5.010178684050783318e+02 5.305318197557818394e+02 3.625716565787110994e+02 1.941916555857690980e+02 1.825614722868636193e+02 1.758176397236206867e+02 2.561540189317895511e+03 6.336118754465768461e+02 5.328304293496202035e+02 1.400562611824001102e+01 6.267496318192456783e+01 7.214523606599016148e+02 4.191108856790698951e+02 1.990986181424586619e+02 4.109088720350116830e+01 2.128552404879091000e+02 1.993619324750555097e+04 3.442345107123193770e+01 2.297724703139499525e+03 6.005787301410989130e+03 6.352085274614029004e+03 5.308107852956542274e+02 8.491581215912435709e+01 4.716843692835182651e+02 1.335967266035951582e+02 1.922447282357317988e+01 7.226454556033223753e+01 2.214467074020457403e+03 2.141969863690449927e+02 6.228093818829909651e+03 4.239406547494289953e+03 6.841224840960796527e+00 1.244350178030360894e+02 5.329919676141792628e+00 4.418067115854115627e+02 5.003654375212379364e+02 7.176243985281736570e+01 2.335983998309840786e+02 2.167057670190766316e+01 7.325631983390414348e+01 3.935845383378761653e+03 2.370717638858229111e+04 1.232158449182616238e+02 1.901888739228521530e+01 2.648450804207467399e+02 6.019372927714481420e+02 2.377944425019246211e+01 6.712093590706120949e+02 3.575223354597821981e+03 3.839800873021389407e+02 6.374310671064719145e+02 1.262320865206192479e+02 2.905869422526330936e+02 7.640563247540047996e+03 7.122461386261726091e+01 2.828743307959559843e+02 3.308779127103563269e+02 6.375865709174043161e+00 2.649618389555983413e+03 8.517103788058150826e+01 1.094431189029389628e+02 9.200396997162405555e+00 2.563365453176465962e+02 1.435295881230875921e+02 4.976752855039572978e+02 7.205881172393673069e+02 2.093835997200411839e+03 5.655149001307993331e+02 5.303047756037481122e+02 1.318652225107500726e+02 1.290265517412197187e+04 5.667340248915458005e+02 7.046970400468193674e+00 1.954507077869290515e+04 3.920435467984780331e+01 4.864262695700771474e+03 3.907284508733317807e+02 3.291881489669927419e+02 8.523161378583766634e+01 4.220555242874039322e+03 6.332071819884527031e+02 1.121240447857416171e+02 3.917896490463429870e+01 7.264264480479744179e+01 8.142145879583939859e+03 6.085619910282517253e+01 2.619165577460990448e+02 1.652526679487983330e+01 1.408251515470558672e+02 1.581938544596279144e+02 1.769426504625644725e+02 1.406114358541693150e+02 1.534754388812862480e+01 1.595533153862413371e+02 1.327629210975370100e+01 1.243474593285433905e+01 1.083458304501949385e+02 6.012449033449057652e+02 4.480470927987469167e+02 1.572505072043589678e+02 5.336567412788208458e+02 4.400964079406334122e+02 2.235608543498122458e+02 4.699107209283666293e+02 1.732564772538543707e+02 3.297719402220592428e+02 3.543113712683478411e+02
6.007770059602195943e+03 3.750061061697967943e+03 3.253733621082984882e+03 0.000000000000000000e+00 6.228252258342829009e+03 5.374886279632430160e+03 3.249378522725008224e+03 2.638764405690035346e+03 1.603164185392020499e+03 3.756353018290932596e+03 3.344036537081743518e+03 4.867147114096906080e+03 6.345868046337686792e+03 6.803385461012838277e+03 2.108032451404854868e+01 6.573324267222044909e+03 2.283616454206548042e+03 6.235761883170127476e+03 4.381064983891104021e+03 6.345318331586468048e+03 3.523875392832195530e+01 3.844882628145832768e+03 2.715702570554447448e+03 2.160478111012638692e+03 5.069577978346226701e+03 6.233854134028730186e+03 6.344087627997315394e+03 1.491505541328694335e+03 4.963305601988917260e+03 1.961168167244393544e+03 4.861732570883076733e+03 5.750548233449664792e+01 6.686101203505039848e+03 6.346292385455771182e+03 3.586462552909078568e+03 2.494882824347422684e+03 9.527378677054084619e+02 1.385354024477387838e+03 1.899221234154224931e+03 3.934512413211900821e+03 5.063881229651344256e+03 7.162734382817014193e+03 2.710436077589634351e+03 9.893197596128001692e+01 4.427462596944496340e+02 5.387415462869665816e+02 6.344387397082159623e+03 2.355073142920963619e+03 6.125021386023832747e+03 2.149182117232426663e+03 3.491086344613487654e+03 4.195045018336461908e+03 1.185536932370026193e+02 5.062249379441903329e+03 5.018822880847610577e+02 1.059394121908017468e+02 3.091882521009804805e+03 4.577808692885033452e+03 3.332946157532338930e+03 6.014607179314156383e+03 6.233622604567170129e+03 4.196779089713360008e+03 5.165577995041648137e+03 2.859277920064354475e+03 2.422726023627358245e+03 4.340796122692850645e+01 9.493774996179963637e+03 4.575494997864103425e+03 3.577937606663038878e+03 1.716163232633849248e+03 6.575418151762331945e+03 3.662334248617081357e+03 6.804440452024299702e+03 2.191384592441144008e+01 5.796701202870731322e+03 6.690789834552444518e+03 4.569325775206294566e+03 1.659478450097954692e+03 9.533199422494450346e+02 4.203663090101994385e+03 5.364851829956290203e+03 5.574763048814059403e+03 3.093150076575831008e+03 4.533831757146092656e+01 2.354159044407824695e+03 4.476244290661240484e+03 3.169327271822583498e+03 5.268168629276769025e+03 4.664270068490972335e+03 6.229216712178816124e+03 9.507314158955288121e+02 1.451706369819970064e+02 6.459104476532864282e+03 6.342411552489679707e+03 2.151407359287226427e+03 3.249622938925864219e+03 6.460142523904823065e+03 3.092747771154299699e+03 6.931835321292091066e+03 2.707657921275932495e+03 1.756024375932215378e+02 1.437722469410517760e+03 5.582707592962956369e+03 4.286250833647824038e+03 8.703509495113307537e+01 6.685880698889191990e+03 2.219945448129135912e+03 2.643112304761056748e+03 2.425519106108644792e+03 1.135750680937357401e+03 4.104850779438630525e+03 1.717202628438509919e+03 3.579529956125206809e+03 4.674077819124849157e+03 4.762883813403154818e+03 4.860569629209693630e+03 4.674086618571089275e+03 3.009316647811029270e+03 2.025474499502819299e+03 3.012025125081976967e+03 3.496150237693407234e+03 4.480455654329471145e+03 6.574697797159734364e+03 1.333184320003702851e+03 4.770479547730545164e+03 6.346746823909432351e+03 6.013508834215929710e+03 1.835252658558501253e+03 6.115158861836966025e+03 4.865294564129399078e+03 5.575731435406761193e+03 5.682746951629065734e+03
5.523294994251096490e+00 3.304821624753826654e+02 4.990667812557356910e+02 6.228252258342829009e+03 0.000000000000000000e+00 4.341624142933670782e+01 5.012097728489019914e+02 7.844085978537806341e+02 1.548689608716071007e+03 3.292189260647966194e+02 1.856048046950565185e+04 9.697630359169293968e+01 7.267000558432887836e+00 2.071044875553426934e+01 6.136080187677252979e+03 1.255318878600784949e+01 1.000192928501991219e+03 8.131328603878595018e+00 1.761788432140900795e+02 6.671346650629708996e+00 7.031233075553742310e+03 3.054066113457834604e+02 7.438045206602398594e+02 1.560251259874541574e+04 7.401005686352186785e+01 6.653786131814005245e+00 5.455234515008290153e+00 1.662699754231735824e+03 8.213005947594108136e+01 1.234721448378942569e+03 9.402594680919494863e+01 5.257655900927796210e+03 1.545588619477921100e+01 7.623650352385981321e+00 3.832522786387988845e+02 8.666952369381036760e+02 2.362538816180850517e+03 1.781161000785178203e+03 1.282213870052938773e+03 2.828279536859278096e+02 6.842462957089384190e+01 2.659909863415103609e+04 7.458813658832018518e+02 4.868562126223205269e+03 9.878709889792620743e+03 1.031799802405282026e+04 5.764386200672145577e+00 9.519574278333953998e+02 9.398603394588677773e+00 1.092451088563987923e+03 4.172388224070792262e+02 2.146382693140798779e+02 4.756516028615472351e+03 6.987164146515925722e+01 1.016307737386188455e+04 7.552169106781793744e+03 5.632332914831148400e+02 1.423186569329151041e+02 4.684015696284714636e+02 1.124136887308530675e+01 5.910813524496479232e+00 2.145312172660601391e+02 5.790738582979545868e+01 6.726022625924219938e+02 9.099779400467197092e+02 7.157701572123718506e+03 3.092476380663717646e+04 1.396691006142986851e+02 3.850516782305411425e+02 1.441457659041856232e+03 1.475138823647709430e+01 3.590319776118333834e+02 2.179641264079516461e+01 6.673784604325086548e+03 1.736946550694560898e+01 1.910763860654122581e+01 1.403795464946567506e+02 1.497598091414917917e+03 1.194735503200719540e+04 2.166666880615918274e+02 4.152923278532895068e+01 2.554126997919065900e+01 5.642887666331969285e+02 5.375343138375766102e+03 9.517424569405188777e+02 1.555661162314837043e+02 5.342336501506282502e+02 4.904636693621409194e+01 1.258967272703490607e+02 2.944200664956759361e+00 2.361702754905670645e+03 4.571480982824611601e+03 9.425646182017970887e+00 5.188579052443846429e+00 1.091102296728827241e+03 1.835664219983607109e+04 1.047556715861653842e+01 5.633667057626166752e+02 2.614599773062692111e+04 7.506084171829864999e+02 8.396103085563980130e+03 1.721818497480909855e+03 2.702396131485894770e+01 1.956632483893354504e+02 7.535373203202762852e+03 1.429232294848958951e+01 1.042058693198181118e+03 7.836182661996110710e+02 9.088631472659044448e+02 1.257315547020177110e+04 2.351108804460347130e+02 1.438863285114713335e+03 3.828629081429914436e+02 1.264543384169054292e+02 1.092755630851219166e+02 9.625626862209121271e+01 1.263900999201837863e+02 6.032058651127390476e+02 1.181569588360039916e+03 6.013955138118716377e+02 4.105759563063943460e+02 1.575829989356052465e+02 1.401225778852665371e+01 1.841491208078083446e+03 1.107871522127589401e+02 8.228889380269826859e+00 9.864809171116595721e+00 1.337741225344677787e+03 3.841367417154703645e+00 9.537637282038755870e+01 2.396051625501345228e+01 1.758390926245029107e+01
2.768850539895930396e+01 1.646693908734687568e+02 2.818235309811496450e+02 5.374886279632430160e+03 4.341624142933670782e+01 0.000000000000000000e+00 2.876181519899294017e+02 5.060862405242868931e+02 1.143863939483418562e+03 1.568176157020820369e+02 1.705961163308270261e+04 1.795184400724307494e+01 4.656244945157732218e+01 9.420017219176966705e+01 5.291273324279965891e+03 6.754054238884216943e+01 6.833041734299650898e+02 3.692703480913998249e+01 6.672592009045517614e+01 4.717247776974572560e+01 6.122381082223645535e+03 1.388468151739789676e+02 4.707886658092454581e+02 1.422966740555172873e+04 6.904242510646632525e+00 3.767354585155615609e+01 4.864711080887494177e+01 1.241785696827711490e+03 1.788218415103579417e+01 8.778060317120003901e+02 2.444275510631156934e+01 4.474012980491580493e+03 8.257887518868760424e+01 4.636086189478797337e+01 1.928351620876852905e+02 5.738378659377259510e+02 1.853648605977545003e+03 1.344300682391773307e+03 9.174152724680222946e+02 1.212678075257704506e+02 1.187979903272864846e+01 2.479433282507895638e+04 4.765739472131045886e+02 4.119806163507544625e+03 8.793888759463598035e+03 9.209174393275092370e+03 4.831744894567622595e+01 6.420077646022261888e+02 2.924732261937206701e+01 7.596641884133583744e+02 2.284023561087336134e+02 8.898412263642022424e+01 4.012656036652100738e+03 1.455009187305961760e+01 9.062234297613111266e+03 6.613561847928345742e+03 3.337308631346516563e+02 3.774667386972014071e+01 2.626965329759402152e+02 2.206469795853814730e+01 3.806309099912039073e+01 8.707494366961408616e+01 8.082723192254842814e+00 4.160805153094660227e+02 6.071194926245918850e+02 6.240905291224196844e+03 2.897889411455830486e+04 4.010770992513613464e+01 2.041272396230775144e+02 1.051798018966977224e+03 6.774698653470852605e+01 1.852531541138901332e+02 9.305099663515645148e+01 5.788350281831198117e+03 1.140325355224426573e+01 8.004568853355573310e+01 4.749015336019130729e+01 1.100783314623125761e+03 1.075056356256769686e+04 7.968079321173509300e+01 1.206327741763526085e+01 1.401870523295680115e+01 3.326572567507128610e+02 4.586529419974158372e+03 6.424014528747765098e+02 5.367235660702501576e+01 3.134586930662966324e+02 5.496043107148407714e+00 4.082354982872239901e+01 4.291701991138157979e+01 1.852791593659621867e+03 3.846733953734254555e+03 5.764594813620185221e+01 5.180663462264293884e+01 7.582212190140476196e+02 1.686381051280870088e+04 5.606571926672113904e+01 3.346453783928384382e+02 2.435717656893721869e+04 4.813834578852481627e+02 7.399312877279176973e+03 1.292912452739434002e+03 4.876877949047846883e+00 7.844281597070424539e+01 6.594672222442730344e+03 8.264883423266201135e+01 7.137952336193636711e+02 5.022829404679316667e+02 6.052034241130460259e+02 1.134430202438648666e+04 1.023035711928430089e+02 1.049031315247789735e+03 2.018997110752466710e+02 2.939323592195142965e+01 3.158664378784117588e+01 2.609537732353868478e+01 2.959929824448560254e+01 3.655660328824084218e+02 8.311425913355786861e+02 3.620981237789584952e+02 2.217681287279574462e+02 4.864034903529104525e+01 6.810135678484509469e+01 1.396180508858337134e+03 2.403480040908277715e+01 4.588077960407081690e+01 2.224612990121597278e+01 9.647973518203232288e+02 3.788517354790263880e+01 2.081905372445506686e+01 1.227168255564665422e+01 1.362288442385746734e+01
4.411410952994900754e+02 2.447220064902568737e+01 6.119627277460164549e+00 3.249378522725008224e+03 5.012097728489019914e+02 2.876181519899294017e+02 0.000000000000000000e+00 4.026714299301955435e+01 3.050290792189306899e+02 2.912936198470480420e+01 1.306984978437064819e+04 1.797908157084148684e+02 5.384478680729996540e+02 6.758887824597899225e+02 3.187184816570978001e+03 6.057403797225533708e+02 9.704166100340549406e+01 5.082894099936809766e+02 9.716896132179842027e+01 5.378482587288373225e+02 3.834214736648171765e+03 3.733857191431201983e+01 3.453228190477283732e+01 1.060758746541257642e+04 2.223574648719423976e+02 5.063238921681800662e+02 5.364888652742322392e+02 3.570631039389526222e+02 1.967529134671913198e+02 1.765658716075403447e+02 1.746056153914222193e+02 2.562881126127368134e+03 6.382263104946694057e+02 5.387732304097656879e+02 1.898668668731331621e+01 5.992058989813484970e+01 7.155096722389170054e+02 4.131759573060786011e+02 1.942776965178868807e+02 4.702736391994134380e+01 2.163813721411399911e+02 1.993018985070729104e+04 3.262703170433580624e+01 2.291753127400914309e+03 6.000976473780390734e+03 6.346067807353174430e+03 5.367768297355703453e+02 8.231863909632431842e+01 4.775183441848673169e+02 1.276429592340533503e+02 1.319450167554559172e+01 6.940741145106849785e+01 2.215792061990162438e+03 2.162995783848282088e+02 6.222109717835599440e+03 4.233387317048311161e+03 6.797240307129031933e+00 1.301939053218940501e+02 4.508005233804042611e+00 4.476153706217679655e+02 5.062658114934790774e+02 7.041907929584573367e+01 2.378721228289150247e+02 2.164067953299243641e+01 7.197215682787273749e+01 3.929883453403576823e+03 2.370116412696787302e+04 1.276259658508405579e+02 1.452885458342400327e+01 2.609862819557688454e+02 6.078793456692808377e+02 1.865228203637698456e+01 6.771095895328982124e+02 3.573738213626439119e+03 3.896121247873429070e+02 6.433560578914730286e+02 1.226040667152848869e+02 2.846270594798970706e+02 7.634553872691758443e+03 7.609943617542205629e+01 2.779235339660568229e+02 3.284146686501283057e+02 8.092620604572783094e+00 2.643661609701129237e+03 8.201067319236922515e+01 1.091021119559506189e+02 4.021752262835615710e+00 2.607282332433111947e+02 1.388318224955445999e+02 5.011298453760497864e+02 7.146329059688229108e+02 2.087889284975868577e+03 5.714931106884778274e+02 5.344525550677625461e+02 1.259181026485269967e+02 1.289662307591016361e+04 5.726594760536690956e+02 7.783490979152944078e+00 1.953906173698979546e+04 3.452124342346797903e+01 4.858250806257544355e+03 3.853963159963057592e+02 3.351358063254351123e+02 8.021950405584307475e+01 4.214533379285061528e+03 6.383467340996483017e+02 1.127197698687310492e+02 4.211736674066258246e+01 7.251219461386530440e+01 8.136141359604416721e+03 5.949748259140972806e+01 2.570881162490697420e+02 1.287435432163758264e+01 1.467318112864382726e+02 1.552636847005904315e+02 1.738745635469776403e+02 1.465513766235179389e+02 1.028835337013506113e+01 1.578269040900023299e+02 1.129616287741321834e+01 9.070654526443037824e+00 1.131098729728592787e+02 6.071650198163692949e+02 4.427295717580454379e+02 1.630724700158087614e+02 5.394812532092146284e+02 4.460153186620001975e+02 2.175783939054495306e+02 4.693852110995028397e+02 1.774880646350605105e+02 3.294576010054591961e+02 3.560311816372079079e+02
7.086473277297295681e+02 1.101239999137811054e+02 4.116612738752653655e+01 2.638764405690035346e+03 7.844085978537806341e+02 5.060862405242868931e+02 4.026714299301955435e+01 0.000000000000000000e+00 1.434518796495644040e+02 1.114601179482827575e+02 1.181166986944379823e+04 3.586997788220818961e+02 8.289759140301478055e+02 9.984253522929374185e+02 2.584838904540348267e+03 9.123013043465996361e+02 2.373195091706513793e+01 7.908219466954474228e+02 2.385150862871870459e+02 8.283851329719448131e+02 3.169293662631537245e+03 1.279149530930219498e+02 5.990482198335151054e+00 9.477294293172457401e+03 4.168999713067666448e+02 7.888503895887098452e+02 8.270499658090528783e+02 1.783077428647618206e+02 3.848199838643043336e+02 6.356826740548036270e+01 3.555587594697746567e+02 2.020514579779613086e+03 9.529265170613844020e+02 8.293190989389679544e+02 8.557113965076894146e+01 7.810465306806176677e+00 4.489734262151438884e+02 2.198501662548204934e+02 7.354081609086497906e+01 1.456441765917039390e+02 4.109140683043196418e+02 1.836787184295864427e+04 7.479722744727483885e+00 1.785375111634286895e+03 5.157715691706868711e+03 5.479770678306869740e+03 8.272910166819381175e+02 1.290134287705121707e+01 7.520343882470567678e+02 3.726369289828596720e+01 7.512395258795660880e+01 1.956900317853938134e+02 1.714886735322876120e+03 4.126672821538369362e+02 5.363814472236695110e+03 3.535070733638176534e+03 2.385813822702219866e+01 2.846987258330887016e+02 4.799757994069621958e+01 7.140414547511215915e+02 7.888182468862896712e+02 1.957847791609019055e+02 4.404980051148360758e+02 1.141441297065223637e+01 9.971060182479289935e+00 3.255540023004225532e+03 2.199485955640462271e+04 2.822384739812952148e+02 8.605841836997154815e+01 1.129511658662697755e+02 9.144318164560339710e+02 9.746793984642368969e+01 9.995753825286599294e+02 2.929760157482246996e+03 6.400154296757214070e+02 9.578619215954546462e+02 2.803863768503147753e+02 1.308514609611470121e+02 6.680353850323807819e+03 1.986685213553305971e+02 5.011094294498346358e+02 5.654847568106786184e+02 2.628951223412305183e+01 2.097198076129616311e+03 1.679970239911540730e+01 2.568553620777709057e+02 3.416818653041083564e+01 4.713047038926366668e+02 3.059565631648229100e+02 7.839318674093460686e+02 4.482431156889451245e+02 1.607139965331315352e+03 8.700508501724880261e+02 8.254988930806835015e+02 3.639636647657511048e+01 1.164635641691601631e+04 8.712144380941005011e+02 2.589762106447151524e+01 1.799276042291540944e+04 8.318041154716038221e+00 4.103941769944109183e+03 1.983457084472405541e+02 5.697360819170248760e+02 2.153098433214389047e+02 3.516200557160776043e+03 9.528692373154840425e+02 2.627675221377620218e+01 4.688113585786676474e+00 1.416812304012851520e+01 7.149867134741664813e+03 1.766784718316813212e+02 1.104690124523143027e+02 8.324103155065640181e+01 3.093563135027786188e+02 3.290808705568657047e+02 3.554555640284519882e+02 3.090685309050607543e+02 2.136490310899106859e+01 4.758406326413548726e+01 2.026034515425988047e+01 7.113066326844887044e+01 2.597275018249391678e+02 9.136992057212563623e+02 2.397255536789453743e+02 3.336422521385992468e+02 8.299600770775452929e+02 7.126143712003703286e+02 8.724352926146755749e+01 7.456646997971126893e+02 3.567639148155163298e+02 5.652278959339805624e+02 5.991484913877599183e+02
1.440466146235648239e+03 4.710814760320041046e+02 3.106989423801322801e+02 1.603164185392020499e+03 1.548689608716071007e+03 1.143863939483418562e+03 3.050290792189306899e+02 1.434518796495644040e+02 0.000000000000000000e+00 4.772525467716781122e+02 9.479012160339796537e+03 9.161331077273046049e+02 1.610776170923282280e+03 1.844217446753102877e+03 1.563067849220282369e+03 1.726041105825213890e+03 6.945566751497977975e+01 1.556639301791274875e+03 7.097404890194154632e+02 1.610201036571169880e+03 2.020463423060886043e+03 5.097689608141680537e+02 1.636598363814019592e+02 7.399576269247396340e+03 1.006611871986185179e+03 1.554722821920360730e+03 1.608963177910745344e+03 7.350139124923309453e+00 9.553046668489392914e+02 2.617051934013844416e+01 9.099984132132046852e+02 1.138897381373145436e+03 1.782402126192205515e+03 1.611142861280531406e+03 4.194152721636863248e+02 1.094777671162288897e+02 9.971672219508624835e+01 1.501261580600628065e+01 2.050869719760355636e+01 5.434957340504867034e+02 1.000696938943353302e+03 1.542616270859738688e+04 1.585039159392868271e+02 9.555771215882078877e+02 3.660324030874725850e+03 3.930339677478532849e+03 1.609247605098890062e+03 8.424524993423295882e+01 1.501871396550661075e+03 4.930147060410929782e+01 3.818788473250911579e+02 6.362140429462834845e+02 9.118960429480123366e+02 9.984725012112746754e+02 3.831522663841207304e+03 2.321386667120798847e+03 2.606562213561672934e+02 7.946989212196850758e+02 3.314227083382020851e+02 1.447713401849951197e+03 1.554477776133488760e+03 6.372548368850061706e+02 1.046326205279088299e+03 1.973955078210449301e+02 9.884833341579677324e+01 2.089716612370521034e+03 1.876516845255092994e+04 7.920137989113578669e+02 4.119625042678517275e+02 1.014864353507964445e+01 1.728270519354655562e+03 4.407211110686865823e+02 1.845244560230742309e+03 1.836604514889679194e+03 1.341771190524965050e+03 1.787626895641452165e+03 7.847362161484185208e+02 5.417160919925972706e+00 4.956377925831356151e+03 6.445477820575032410e+02 1.132754085485624501e+03 1.230651238241780447e+03 2.616321978898071734e+02 1.187278123872811648e+03 8.372018605493370558e+01 7.484322906646398224e+02 2.793930435970107169e+02 1.093134931928727838e+03 8.245760403090278032e+02 1.549554313350641451e+03 9.867794828951865327e+01 8.255691883371388258e+02 1.667938235955603886e+03 1.606437406512396137e+03 4.814918567113066672e+01 9.328755901582984734e+03 1.669010287707510997e+03 2.600233791416592908e+02 1.508310764873805238e+04 1.586116532808129023e+02 2.780094264900902999e+03 1.096361997824781653e+01 1.239601051906256089e+03 6.703812992115765610e+02 2.302481581040881338e+03 1.782689210277219217e+03 6.382676138698610657e+01 1.466861249129403859e+02 9.917348442152220400e+01 5.362213330593205683e+03 6.003777494615221713e+02 7.954260192727996781e+00 4.105769829781733620e+02 8.351153833245030000e+02 8.667793078676694449e+02 9.085231484900835994e+02 8.349779428611286676e+02 2.347951044280005704e+02 3.542344952691269100e+01 2.378382694550008409e+02 3.827593826338639929e+02 7.534485338930020362e+02 1.727526530823396342e+03 2.298445499458666319e+01 8.753942688200335169e+02 1.611690050052730157e+03 1.446418934524785072e+03 1.504507057172461870e+01 1.491318643562726720e+03 9.139518989253939480e+02 1.232066569060694292e+03 1.283610461509600327e+03
2.799349364646232061e+02 8.306402507465323382e+00 2.393479504747020670e+01 3.756353018290932596e+03 3.292189260647966194e+02 1.568176157020820369e+02 2.912936198470480420e+01 1.114601179482827575e+02 4.772525467716781122e+02 0.000000000000000000e+00 1.406428569512880676e+04 8.041078705533458049e+01 3.537602130737216726e+02 4.675946395848043267e+02 3.689751614603283087e+03 4.091895134721521572e+02 2.036381938710968029e+02 3.295969446215216294e+02 3.646815003809077638e+01 3.531911701341778098e+02 4.384845749761263505e+03 3.800453052583456781e+00 9.370408481672828316e+01 1.150612357595341928e+04 1.095797907127746385e+02 3.280113773172432161e+02 3.528577230754030438e+02 5.412180847510204558e+02 9.688456675536968987e+01 3.132387060796133369e+02 8.404621093157383882e+01 3.008483883555095417e+03 4.391002531939952291e+02 3.541114215616465231e+02 4.926080723100273673e+00 1.453010103049786608e+02 9.660489556805970324e+02 6.097489141243095219e+02 3.358042405631438214e+02 6.398327889464653140e+00 1.084962258513781421e+02 2.115279735130952758e+04 9.923963730202767408e+01 2.722296620117004295e+03 6.682339494083563295e+03 7.046641662877741510e+03 3.525054962282991369e+02 1.793679967248216087e+02 3.048434913733289022e+02 2.461559492164914218e+02 2.089624660000222178e+01 2.250958168597055931e+01 2.632218770915354071e+03 1.109924027171007168e+02 6.916678922941448945e+03 4.808066782746815989e+03 4.113141458046511900e+01 4.771798774426420664e+01 2.102350588871675896e+01 2.807985693585912372e+02 3.275960335133013928e+02 2.060523503288317926e+01 1.219810223994166449e+02 7.245828481887508588e+01 1.615884743529786078e+02 4.486369907323683947e+03 2.503174924278962499e+04 4.702525602408300642e+01 1.377522276634763010e+01 4.191834342327600211e+02 4.112378141059314771e+02 1.160621945166128199e+01 4.683354960326055334e+02 4.101849489459989854e+03 2.349058033730337343e+02 4.406184013712529577e+02 5.299691935710080060e+01 4.511845281811285986e+02 8.401063191634275427e+03 1.792952927307322142e+01 1.615988192010923967e+02 1.976215257132893726e+02 4.100550377510284505e+01 3.104140611264791914e+03 1.799676813027946594e+02 4.121480601806987210e+01 3.801268796723996957e+01 1.384438542113994117e+02 6.436808440341395965e+01 3.290308892496237263e+02 9.652192413386060252e+02 2.500381480661649675e+03 3.810218170965700324e+02 3.553739333793720903e+02 2.445648742420122517e+02 1.388531307025704518e+04 3.819837978647214527e+02 4.243930143947420675e+01 2.074963985852278711e+04 1.038670656424923777e+02 5.474787770644436932e+03 5.753202988892637677e+02 1.925316498446938454e+02 2.996078254742862157e+01 4.789132870431375522e+03 4.379884179048768829e+02 2.175718316763460507e+02 1.085178418339332040e+02 1.603317984233390519e+02 8.926745250682692131e+03 1.788758651524008769e+01 4.165188381145558765e+02 1.154980528272757567e+01 5.806568274275085173e+01 7.320275606819929237e+01 8.564133482035975931e+01 5.790889085070943310e+01 5.600547665569462197e+01 2.834659939251971537e+02 5.252242578434864839e+01 1.448735751668301575e+01 3.725715072515913562e+01 4.105089554343798568e+02 6.446380937227486356e+02 6.874350363755152671e+01 3.546901471140582771e+02 2.793781960360435050e+02 3.662101023132051978e+02 3.065878247567690664e+02 8.193703780288475969e+01 1.959202427678274034e+02 2.144096416919950627e+02
1.817824952260613281e+04 1.405741669139770966e+04 1.307586002752267268e+04 3.344036537081743518e+03 1.856048046950565185e+04 1.705961163308270261e+04 1.306984978437064819e+04 1.181166986944379823e+04 9.479012160339796537e+03 1.406428569512880676e+04 0.000000000000000000e+00 1.614693253889068728e+04 1.875944613623340410e+04 1.954090937159637906e+04 3.413293759742717157e+03 1.914879295592484050e+04 1.105132949540548907e+04 1.856836595755106100e+04 1.525541713435607562e+04 1.875890387282069787e+04 2.802211797264946654e+03 1.423389808498737875e+04 1.197038599952997174e+04 1.473469665308519723e+02 1.651134288800037757e+04 1.856645649143105402e+04 1.875765173645531468e+04 9.205561531470666523e+03 1.632376341561027948e+04 1.032306151760562534e+04 1.614076059752205219e+04 4.127274525358901883e+03 1.934206401288222332e+04 1.875987776902861151e+04 1.373252343608925185e+04 1.150456644817430606e+04 7.770427932635883735e+03 8.938231139087014526e+03 1.018207360070651339e+04 1.440450987599320615e+04 1.650555358225199234e+04 7.500159616078959743e+02 1.196514890920032667e+04 4.487000407869008995e+03 1.404221908909980129e+03 1.240631148241767050e+03 1.875797037752699180e+04 1.120415082566962337e+04 1.837664249906994519e+04 1.075368096721040638e+04 1.355339207158586396e+04 1.490749225142647992e+04 4.593584023759563934e+03 1.650378605263684949e+04 1.300470346742614765e+03 2.508121856284416936e+03 1.275167207259551833e+04 1.561466151975667344e+04 1.323386035500105390e+04 1.818514535473600699e+04 1.856617744748545738e+04 1.490929722077531733e+04 1.668818426370643647e+04 1.227635529391644923e+04 1.135318301388943291e+04 2.725557724343997506e+03 1.622101917790396328e+03 1.561194348026695479e+04 1.372358098742475886e+04 9.753931772605405058e+03 1.915097134511034164e+04 1.388853427556369024e+04 1.954195140530204299e+04 3.034410887634102892e+03 1.780536301256431761e+04 1.934733062977622103e+04 1.560463242268569957e+04 9.616905332207506945e+03 7.651745952385109604e+02 1.491658454427621473e+04 1.704773105717229555e+04 1.741996237659766120e+04 1.275310792276642860e+04 4.028710624233132876e+03 1.120427309763882840e+04 1.543142754921682172e+04 1.290753516212630893e+04 1.687191579495081533e+04 1.578053421988939590e+04 1.856128008880154084e+04 7.771120217929567843e+03 4.782286539294011163e+03 1.895368212036414843e+04 1.875511895839144927e+04 1.075654877933174248e+04 2.219132734272631069e+01 1.895471360602470668e+04 1.275202531068710050e+04 6.771002403884124305e+02 1.195936095263244169e+04 2.039251325456178392e+03 9.069658265746358666e+03 1.742941485484442455e+04 1.507856753103471783e+04 2.505017281677281517e+03 1.934240355769407324e+04 1.090788739629221345e+04 1.181596803477927278e+04 1.135668536909857903e+04 6.188342376928069370e+02 1.473599759627677486e+04 9.756535979068901725e+03 1.372333512305676413e+04 1.579191478560834366e+04 1.596054135625672279e+04 1.613904916081302508e+04 1.579191473551825402e+04 1.258698445537386942e+04 1.047003206357132331e+04 1.259035445831498873e+04 1.355868522000095800e+04 1.543631797746720622e+04 1.915025567936575681e+04 8.800533110317017417e+03 1.596891969406557473e+04 1.876032446199149126e+04 1.818413264771586182e+04 1.003530313539010240e+04 1.836593801717945462e+04 1.614489614362213615e+04 1.742165682745382219e+04 1.761018272957928639e+04
7.128723319984489137e+01 8.698648510620522245e+01 1.757317759532963350e+02 4.867147114096906080e+03 9.697630359169293968e+01 1.795184400724307494e+01 1.797908157084148684e+02 3.586997788220818961e+02 9.161331077273046049e+02 8.041078705533458049e+01 1.614693253889068728e+04 0.000000000000000000e+00 1.068527116694453554e+02 1.742982050666335567e+02 4.788538197186353500e+03 1.384116160761412857e+02 5.105065030939467761e+02 9.470944771263012285e+01 2.419976493190208444e+01 1.069093515226130791e+02 5.579639886539378494e+03 6.850168805547632189e+01 3.296061322467235186e+02 1.339691531702922839e+04 6.670948360092989304e+00 9.279417806537293245e+01 1.080020682462929642e+02 1.004020607055423056e+03 8.235039687538005637e+00 6.800848339159555280e+02 6.634677035101468334e+00 4.011582705574638112e+03 1.577886090044005982e+02 1.072276497066149830e+02 1.064955294341043839e+02 4.164445610855391919e+02 1.560915079701283730e+03 1.096555411216954781e+03 7.146019528057785237e+02 5.745289037608235816e+01 8.215805027223350265e+00 2.369157720413928109e+04 3.338625067653895826e+02 3.677091985330748685e+03 8.141131403017287084e+03 8.541416562286047338e+03 1.075383544470922459e+02 4.742783315533998802e+02 8.197365924693333739e+01 5.769616560261750919e+02 1.356098313407947558e+02 3.614262998239991731e+01 3.575961651285293556e+03 1.025091586766390783e+01 8.399477843863603994e+03 6.050830188142497718e+03 2.163254661648522870e+02 7.894894805470841881e+00 1.611145561911648088e+02 6.994470626250981127e+01 9.322449613593174433e+01 3.422993346109912949e+01 9.657751173440471959e+00 2.832961599736319727e+02 4.444125242372744538e+02 5.693182292612825222e+03 2.778637798685265807e+04 9.232196199140188853e+00 1.164155651650293777e+02 8.340536231282802646e+02 1.403551221526346069e+02 1.024529065160848660e+02 1.737916561564379947e+02 5.261216068327565154e+03 4.809783321387691757e+01 1.577298634559132324e+02 1.474763028108164953e+01 8.780528048354166231e+02 1.002783847379095278e+04 2.974835605901183300e+01 2.431166019297503311e+01 3.617897968845156242e+01 2.157709915402059266e+02 4.118865560958426613e+03 4.746415193147086597e+02 1.596094616929372023e+01 2.006288202034307062e+02 1.354159987951669564e+01 1.300153860599204059e+01 9.684023388435332436e+01 1.560061672408375443e+03 3.419082730580958014e+03 1.230148200054060794e+02 1.110507712162447547e+02 5.754301810722749906e+02 1.595606078530209925e+04 1.230775056358770314e+02 2.181989071733026435e+02 2.326442334153530828e+04 3.386711607824281600e+02 6.801575799454019034e+03 1.050170025316748934e+03 2.976240411516904771e+01 3.067319239146852539e+01 6.031924846103796881e+03 1.575691715418878402e+02 5.363997878834115909e+02 3.562852777100995354e+02 4.425818660868627035e+02 1.060156187433017294e+04 4.444496774279357254e+01 8.313640665629244495e+02 1.140463264332884847e+02 5.117377984051927342e+00 8.763664678242960804e+00 8.261774424566620922e+00 5.486157067015746236e+00 2.428024896243059061e+02 6.383537799234320573e+02 2.393044492391459244e+02 1.289188743764459275e+02 1.183236349098976703e+01 1.396245642443751933e+02 1.143451114898124160e+03 3.805717166286890940e+00 1.078068909505948483e+02 6.847113507213769878e+01 7.570486482361856133e+02 8.574735053812268859e+01 5.006688288976711476e+00 3.478108062749131335e+01 4.154242319428547603e+01
